|designation        |ra         |decl      |sigra     |sigdec    |sigradec  |cntr               |source_id           |coadd_id     |w1mpro    |w1sigmpro |w1snr     |w1rchi2   |w2mpro    |w2sigmpro |w2snr     |w2rchi2   |w3mpro    |w3sigmpro |w3snr     |w3rchi2   |w4mpro    |w4sigmpro |w4snr     |w4rchi2   |ROW_IDX                       |ROW_NUM                       |
|char               |double     |double    |double    |double    |double    |long               |char                |char         |double    |double    |double    |double    |double    |double    |double    |double    |double    |double    |double    |double    |double    |double    |double    |double    |int                           |int                           |
|dummyUnit1         |dummyUnit1 |dummyUnit1|dummyUnit1|dummyUnit1|dummyUnit1|dummyUnit1         |dummyUnit1          |dummyUnit1   |dummyUnit1|dummyUnit1|dummyUnit1|dummyUnit1|dummyUnit1|dummyUnit1|dummyUnit1|dummyUnit1|dummyUnit1|dummyUnit1|dummyUnit1|dummyUnit1|dummyUnit1|dummyUnit1|dummyUnit1|dummyUnit1|                              |                              |
|                   |           |          |          |          |          |                   |                    |             |          |          |          |          |          |          |          |          |          |          |          |          |          |          |          |          |                              |                              |
 J184604.04-023921.2 281.5168450 -2.6559159 0.01       0.0098     -0.0030    2813003101351044148 2813m031_ac51-044148 2813m031_ac51 4.207      0.185      5.9        0.56       2.822      0.39       2.8        0.097      -2.989                1.1        0.070      -5.649     0.003      315.6      4240.000   556                            0                              
 J184603.21-023921.3 281.5133793 -2.6559252 0.01       0.0116     -0.0075    2813003101351044456 2813m031_ac51-044456 2813m031_ac51 9.468      0.030      36.6       228.30     6.065      0.04       25.7       122.400    -2.443                1.4        0.427      -4.281     0.005      204.6      4886.000   580                            1                              
 J184605.69-023854.8 281.5237278 -2.6485772 0.02       0.0149     -0.0023    2813003101351044590 2813m031_ac51-044590 2813m031_ac51 5.713      0.054      20.1       25.16      5.363      0.04       27.8       25.860     1.220      0.059      18.5       326.000    -2.412     0.003      322.8      6798.000   1032                           2                              
 J184604.58-023930.1 281.5190961 -2.6583841 0.02       0.0176     -0.0073    2813003101351044906 2813m031_ac51-044906 2813m031_ac51                                                                                         -2.199                0.9        0.622      -3.883     0.007      158.4      17570.000  1043                           3                              
 J184607.14-023853.3 281.5297913 -2.6481585 0.02       0.0191     -0.0038    2813003101351044905 2813m031_ac51-044905 2813m031_ac51 10.241     0.032      34.4       39.60      9.490      0.04       31.3       18.330     3.317      0.092      11.8       140.600    -2.151     0.006      167.7      4026.000   945                            4                              
 J184603.88-023826.4 281.5161981 -2.6406822 0.02       0.0207     -0.0100    2813003101351044382 2813m031_ac51-044382 2813m031_ac51 8.550      0.017      62.8       79.30      8.483      0.02       58.8       46.360     4.555      0.017      63.1       81.340     -2.641     0.005      218.0      2625.000   3426                           5                              
 J184600.89-023936.6 281.5037308 -2.6601760 0.02       0.0227     0.0011     2813003101351045204 2813m031_ac51-045204 2813m031_ac51 10.565     0.045      24.0       20.78      9.357      0.03       38.6       44.290     2.736      0.072      15.1       173.000    1.319      0.006      167.4      12170.000  794                            6                              
 J184616.93-023621.8 281.5705466 -2.6060724 0.03       0.0267     -0.0091    2813003101351044162 2813m031_ac51-044162 2813m031_ac51 8.923      0.022      50.3       181.00     7.223      0.02       67.1       203.900    0.298      0.037      29.1       15.600     -1.710     0.017      62.1       108.200    1711                           7                              
 J184601.84-023836.4 281.5076886 -2.6434497 0.03       0.0269     -0.0092    2813003101351044408 2813m031_ac51-044408 2813m031_ac51 8.595      0.021      52.7       32.11      7.679      0.02       56.2       24.180     4.539      0.020      53.2       53.630     -1.892     0.009      127.1      1452.000   2383                           8                              
 J184602.00-023930.3 281.5083343 -2.6584328 0.02       0.0275     -0.0100    2813003101351045213 2813m031_ac51-045213 2813m031_ac51 10.933     0.061      17.7       12.19      9.942      0.05       20.3       20.120     2.051      0.079      13.7       398.800    0.100      0.008      127.8      20150.000  800                            9                              
 J184602.81-023845.9 281.5117111 -2.6460911 0.03       0.0279     -0.0124    2813003101351044781 2813m031_ac51-044781 2813m031_ac51 9.709      0.024      44.3       75.42      8.832      0.02       46.9       51.510     1.811      0.063      17.1       335.900    2.251      0.175      6.2        3958.000   2790                           10                             
 J184616.08-023636.2 281.5670152 -2.6100812 0.03       0.0297     -0.0035    2813003101351046295 2813m031_ac51-046295 2813m031_ac51 8.629      0.022      50.3       73.80      7.230      0.02       56.7       70.110     3.578      0.018      60.8       141.500    -1.581     0.017      65.3       248.500    1402                           11                             
 J184601.19-023905.3 281.5049588 -2.6514918 0.03       0.0322     0.0046     2813003101351045516 2813m031_ac51-045516 2813m031_ac51 11.196     0.053      20.4       16.81      10.076     0.05       23.3       12.520     2.568      0.059      18.5       299.300    -0.225     0.038      28.5       4563.000   728                            12                             
 J184616.59-023646.6 281.5691465 -2.6129523 0.03       0.0341     -0.0084    2813003101351044187 2813m031_ac51-044187 2813m031_ac51 8.577      0.023      47.9       23.14      6.716      0.02       52.9       23.030     3.333      0.021      52.3       23.010     -0.966     0.026      41.4       90.890     1870                           13                             
 J184617.15-023747.4 281.5714733 -2.6298336 0.04       0.0342     -0.0051    2813003101351044205 2813m031_ac51-044205 2813m031_ac51 8.142      0.023      46.7       4.45       7.467      0.02       50.0       2.026      8.377                 0.1        0.335      7.652                 -101.4     72.930     1512                           14                             
 J184553.35-023738.2 281.4723305 -2.6272888 0.04       0.0350     -0.0021    2813003101351042035 2813m031_ac51-042035 2813m031_ac51 8.019      0.024      45.5       1.34       7.238      0.02       54.0       1.301      5.700      0.028      39.0       1.425      3.802      0.048      22.5       16.450     3099                           15                             
 J184609.24-023605.9 281.5385027 -2.6016444 0.04       0.0366     0.0049     2813003101351044184 2813m031_ac51-044184 2813m031_ac51 7.437      0.027      39.7       1.11       7.401      0.02       53.8       1.102      8.857      0.319      3.4        3.046      6.766                 -5.4       6.039      1517                           16                             
 J184553.08-023720.2 281.4711826 -2.6222833 0.04       0.0366     -0.0032    2813003101351041993 2813m031_ac51-041993 2813m031_ac51 6.479      0.077      14.1       4.57       6.247      0.02       49.3       3.345      5.472      0.022      48.3       1.654      2.545      0.028      39.3       85.750     3164                           17                             
 J184616.68-023554.3 281.5695140 -2.5984241 0.04       0.0372     0.0018     2813003101351044235 2813m031_ac51-044235 2813m031_ac51 8.288      0.023      46.8       1.24       7.815      0.02       50.5       1.258      8.060      0.352      3.1        3.699      0.937      0.021      51.3       268.800    2039                           18                             
 J184616.29-023737.9 281.5678920 -2.6272138 0.04       0.0372     0.0032     2813003101351044178 2813m031_ac51-044178 2813m031_ac51 6.747      0.045      24.1       96.13      6.830      0.02       49.2       2.804      7.774                 1.3        1.642      4.865                 -7.4       3.530      2152                           19                             
 J184612.73-023738.1 281.5530455 -2.6272592 0.04       0.0375     -0.0027    2813003101351044227 2813m031_ac51-044227 2813m031_ac51 7.938      0.024      45.3       1.77       7.909      0.02       50.4       1.483      8.650                 -6.8       2.598      5.000                 -11.0      4.659      1300                           20                             
 J184556.89-023902.9 281.4870616 -2.6508126 0.04       0.0378     -0.0053    2813003101351042074 2813m031_ac51-042074 2813m031_ac51 8.354      0.023      46.6       1.55       7.940      0.02       51.1       1.613      8.199      0.183      5.9        4.327      3.446      0.054      20.0       56.220     1215                           21                             
 J184605.86-023840.3 281.5244267 -2.6445461 0.04       0.0380     0.0066     2813003101351044931 2813m031_ac51-044931 2813m031_ac51 10.486     0.034      31.9       86.48      9.502      0.03       34.9       103.700    2.940      0.083      13.2       160.400    -0.239     0.030      36.1       3973.000   2458                           22                             
 J184601.66-023909.9 281.5069395 -2.6527619 0.04       0.0392     0.0040     2813003101351046410 2813m031_ac51-046410 2813m031_ac51 10.853     0.043      25.4       29.53      10.164     0.05       22.5       19.520     2.766      0.080      13.5       332.700    2.627      0.042      25.9       13760.000  1229                           23                             
 J184610.99-023737.4 281.5458217 -2.6270590 0.04       0.0393     0.0013     2813003101351044271 2813m031_ac51-044271 2813m031_ac51 8.286      0.023      47.5       2.22       8.252      0.02       47.7       1.166      7.030      0.111      9.8        1.507      3.377      0.116      9.3        9.563      1721                           24                             
 J184553.36-023603.1 281.4723376 -2.6008704 0.04       0.0395     0.0038     2813003101351041999 2813m031_ac51-041999 2813m031_ac51 6.412      0.071      15.3       2.50       6.620      0.02       52.0       4.330      6.697      0.047      23.1       0.593      6.799                 -6.2       3.605      2613                           25                             
 J184607.96-023721.5 281.5331673 -2.6226556 0.04       0.0405     -0.0021    2813003101351044363 2813m031_ac51-044363 2813m031_ac51 8.772      0.024      46.1       3.63       8.783      0.02       48.2       3.573      7.339      0.122      8.9        1.781      4.107      0.106      10.2       9.682      2100                           26                             
 J184611.92-023552.7 281.5496894 -2.5979850 0.05       0.0406     -0.0041    2813003101351044225 2813m031_ac51-044225 2813m031_ac51 6.685      0.065      16.7       1.99       6.676      0.02       51.2       4.233      6.797      0.070      15.5       0.662      4.359      0.055      19.7       8.878      1394                           27                             
 J184610.05-023843.4 281.5419152 -2.6454127 0.04       0.0408     0.0020     2813003101351044294 2813m031_ac51-044294 2813m031_ac51 9.060      0.027      40.7       1.38       8.002      0.02       46.7       1.016      5.502      0.029      37.6       21.340     0.985      0.030      36.4       146.300    1986                           28                             
 J184606.73-023831.0 281.5280539 -2.6419463 0.04       0.0427     -0.0042    2813003101351044577 2813m031_ac51-044577 2813m031_ac51 10.312     0.040      27.1       40.71      9.058      0.03       37.1       35.680     3.856      0.016      67.3       93.520     -0.660     0.020      54.6       175.600    2482                           29                             
 J184606.11-023834.0 281.5254911 -2.6428052 0.04       0.0433     0.0093     2813003101351044569 2813m031_ac51-044569 2813m031_ac51 10.099     0.031      34.5       40.48      9.081      0.03       36.1       31.770     3.750      0.018      61.9       103.200    -0.231     0.041      26.5       397.300    2394                           30                             
 J184558.57-023742.2 281.4940647 -2.6284081 0.05       0.0436     -0.0059    2813003101351042161 2813m031_ac51-042161 2813m031_ac51 8.828      0.024      44.5       1.64       8.316      0.02       45.1       2.580      7.973      0.272      4.0        1.121      2.866      0.079      13.7       15.080     2485                           31                             
 J184607.25-023920.8 281.5302344 -2.6557909 0.04       0.0437     0.0088     2813003101351045493 2813m031_ac51-045493 2813m031_ac51 11.742     0.109      9.9        9.67       12.542                0.4        1.868      3.576      0.082      13.3       405.600    3.152                 -33.0      4817.000   411                            32                             
 J184557.38-023819.3 281.4890999 -2.6387040 0.05       0.0438     -0.0083    2813003101351042080 2813m031_ac51-042080 2813m031_ac51 8.375      0.024      44.4       1.15       8.231      0.03       43.9       1.153      8.184      0.460      2.4        0.078      3.338      0.046      23.7       45.850     2712                           33                             
 J184600.31-023822.9 281.5013297 -2.6397027 0.05       0.0442     -0.0063    2813003101351042095 2813m031_ac51-042095 2813m031_ac51 8.569      0.025      43.5       1.35       8.288      0.03       44.2       1.610      6.372      0.095      11.4       8.308      1.714      0.058      18.8       35.690     2367                           34                             
 J184553.85-023843.6 281.4744002 -2.6454514 0.04       0.0445     -0.0066    2813003101351043623 2813m031_ac51-043623 2813m031_ac51 11.372     0.045      24.2       4.71       11.741     0.08       13.6       3.607      11.015                -95.7      35.700     8.269                 -56.4      112.300    2494                           35                             
 J184615.68-023637.4 281.5653724 -2.6103907 0.05       0.0451     0.0186     2813003101351044803 2813m031_ac51-044803 2813m031_ac51 9.923      0.036      29.9       184.80     8.291      0.03       40.2       212.700    3.876      0.021      51.6       110.500    -0.416     0.018      59.4       71.800     2235                           36                             
 J184555.67-023602.4 281.4819926 -2.6006760 0.05       0.0452     -0.0081    2813003101351042263 2813m031_ac51-042263 2813m031_ac51 9.023      0.023      47.1       6.95       9.124      0.03       39.9       3.111      10.114     0.239      4.5        1.273      7.369      0.224      4.9        4.553      3448                           37                             
 J184554.80-023640.8 281.4783673 -2.6113444 0.05       0.0463     -0.0062    2813003101351042316 2813m031_ac51-042316 2813m031_ac51 9.326      0.025      43.6       3.60       9.314      0.03       43.3       2.965      8.429      0.185      5.9        0.947      5.182      0.111      9.8        11.580     2579                           38                             
 J184607.94-023816.2 281.5331079 -2.6378342 0.05       0.0481     -0.0086    2813003101351044585 2813m031_ac51-044585 2813m031_ac51 9.836      0.036      30.1       19.17      9.285      0.03       33.9       11.200     5.004      0.022      48.9       57.420     0.130      0.021      51.3       213.200    1593                           39                             
 J184551.59-023554.5 281.4649602 -2.5984993 0.06       0.0489     0.0115     2813003101351042089 2813m031_ac51-042089 2813m031_ac51 5.871      0.069      15.6       1.70       5.554      0.05       21.2       0.893      5.774      0.048      22.6       0.176      7.788                 -2.1       1.808      2905                           40                             
 J184606.73-023842.5 281.5280521 -2.6451452 0.04       0.0489     -0.0126    2813003101351045021 2813m031_ac51-045021 2813m031_ac51 10.599     0.035      30.9       63.43      9.658      0.03       31.9       78.150     4.006      0.016      67.4       209.400    0.324      0.064      17.0       3080.000   3186                           41                             
 J184605.28-023849.6 281.5220263 -2.6471239 0.04       0.0498     -0.0066    2813003101351045927 2813m031_ac51-045927 2813m031_ac51                                                                                         2.813      0.151      7.2        287.200    -2.212     0.017      65.8       9078.000   873                            42                             
 J184612.55-023911.8 281.5523203 -2.6533017 0.05       0.0507     -0.0054    2813003101351044376 2813m031_ac51-044376 2813m031_ac51 8.889      0.025      43.4       15.66      9.010      0.03       36.5       5.607      8.056                 -8.4       2.344      3.803                 -1.3       0.295      900                            43                             
 J184603.17-023847.2 281.5132182 -2.6464550 0.05       0.0521     -0.0144    2813003101351046049 2813m031_ac51-046049 2813m031_ac51 10.552     0.036      30.0       59.67      9.277      0.03       41.4       74.560     5.122                 -7.9       365.600    2.305      0.521      2.1        5899.000   2543                           44                             
 J184556.31-023939.9 281.4846560 -2.6611025 0.05       0.0524     -0.0103    2813003101351042325 2813m031_ac51-042325 2813m031_ac51 9.649      0.028      39.2       2.31       9.755      0.03       36.1       2.952      8.025      0.459      2.4        0.941      2.684      0.035      31.3       80.100     915                            45                             
 J184608.71-023802.5 281.5363049 -2.6340376 0.05       0.0529     -0.0126    2813003101351044821 2813m031_ac51-044821 2813m031_ac51 9.718      0.029      37.9       2.15       9.587      0.04       30.9       1.969      6.142      0.041      26.2       40.910     0.822      0.024      45.8       267.800    2087                           46                             
 J184554.61-023728.2 281.4775571 -2.6245201 0.05       0.0542     -0.0095    2813003101351042396 2813m031_ac51-042396 2813m031_ac51 9.596      0.032      34.0       2.04       9.263      0.03       38.7       2.694      6.516      0.043      25.3       11.580     2.396      0.032      34.2       38.440     3083                           47                             
 J184553.48-023701.3 281.4728670 -2.6170374 0.06       0.0563     0.0032     2813003101351042803 2813m031_ac51-042803 2813m031_ac51 10.438     0.030      36.0       14.17      10.678     0.03       35.5       17.240     7.358      0.055      19.6       8.044      2.778      0.042      25.8       31.230     2771                           48                             
 J184608.56-023747.6 281.5357019 -2.6298954 0.06       0.0580     -0.0126    2813003101351044883 2813m031_ac51-044883 2813m031_ac51 10.305     0.032      33.6       6.50       9.991      0.04       26.3       4.207      5.937      0.036      30.0       30.980     1.428      0.025      43.8       152.300    1376                           49                             
 J184614.28-023835.8 281.5595288 -2.6432862 0.06       0.0581     -0.0102    2813003101351045961 2813m031_ac51-045961 2813m031_ac51 10.210     0.027      40.1       8.53       10.207     0.04       25.7       2.476      10.951                -26.7      9.578      7.454                 -8.7       37.020     1419                           50                             
 J184600.20-023611.3 281.5008710 -2.6031410 0.06       0.0582     -0.0095    2813003101351042610 2813m031_ac51-042610 2813m031_ac51 9.976      0.030      36.7       15.18      9.414      0.03       36.8       5.685      8.410      0.256      4.2        0.532      5.002      0.057      18.9       4.455      2809                           51                             
 J184557.38-023636.8 281.4891007 -2.6102421 0.06       0.0587     -0.0132    2813003101351042425 2813m031_ac51-042425 2813m031_ac51 9.742      0.029      37.1       2.29       9.522      0.03       34.9       12.530     6.791      0.066      16.5       7.645      4.542      0.112      9.7        127.500    3439                           52                             
 J184618.52-023746.8 281.5771710 -2.6296712 0.06       0.0605     -0.0112    2813003101351044866 2813m031_ac51-044866 2813m031_ac51 10.224     0.029      37.9       9.04       10.131     0.03       32.7       3.626      7.299      0.194      5.6        1.221      4.528                 -3.4       1.061      1963                           53                             
 J184609.10-023922.5 281.5379267 -2.6562565 0.06       0.0607     -0.0239    2813003101351046143 2813m031_ac51-046143 2813m031_ac51 10.869     0.035      31.3       17.35      12.383     0.16       6.6        3.057      5.999      0.059      18.3       36.720     0.430      0.012      89.4       183.900    1030                           54                             
 J184614.44-023623.2 281.5601873 -2.6064475 0.06       0.0611     -0.0110    2813003101351046483 2813m031_ac51-046483 2813m031_ac51 10.381     0.032      33.9       6.85       9.695      0.03       33.4       18.600     5.650      0.041      26.4       22.360     2.387      0.084      12.9       103.200    1945                           55                             
 J184604.23-023913.5 281.5176586 -2.6537568 0.04       0.0622     0.0201     2813003101351044182 2813m031_ac51-044182 2813m031_ac51 7.049      0.080      13.6       79.16      4.756      0.11       10.2       22.430     -2.723                1.2        0.172      -0.528     0.183      5.9        26730.000  491                            56                             
 J184600.79-023741.4 281.5033015 -2.6281740 0.06       0.0628     -0.0066    2813003101351045219 2813m031_ac51-045219 2813m031_ac51 10.686     0.038      28.6       8.29       9.779      0.03       41.2       26.870     7.552                 -1.9       0.139      4.606      0.182      6.0        6.093      3322                           57                             
 J184602.48-023822.8 281.5103618 -2.6396929 0.06       0.0639     -0.0126    2813003101351044826 2813m031_ac51-044826 2813m031_ac51 9.989      0.031      34.9       3.60       10.044     0.05       23.3       2.263      6.362      0.062      17.5       43.310     0.551      0.027      40.9       243.900    2912                           58                             
 J184605.92-023757.5 281.5246748 -2.6326522 0.06       0.0639     -0.0116    2813003101351044953 2813m031_ac51-044953 2813m031_ac51 10.123     0.029      37.7       19.40      10.109     0.04       26.8       6.045      7.108      0.177      6.1        2.615      2.214      0.053      20.7       82.890     2742                           59                             
 J184617.42-023849.0 281.5726003 -2.6469660 0.06       0.0643     -0.0099    2813003101351044458 2813m031_ac51-044458 2813m031_ac51 9.417      0.029      37.0       1.40       9.349      0.04       29.2       1.232      8.040                 -4.9       0.713      3.724                 -2.5       0.231      1417                           60                             
 J184552.67-023849.1 281.4694807 -2.6469870 0.07       0.0651     -0.0154    2813003101351043116 2813m031_ac51-043116 2813m031_ac51 10.722     0.031      35.4       15.47      10.699     0.04       29.9       8.094      8.436                 -4.5       0.901      7.039                 -17.9      10.270     2505                           61                             
 J184615.83-023803.3 281.5659651 -2.6342586 0.06       0.0668     -0.0172    2813003101351044620 2813m031_ac51-044620 2813m031_ac51 9.889      0.030      36.1       0.87       9.681      0.04       29.6       0.921      8.268                 0.3        0.933      5.277                 -8.6       7.934      1437                           62                             
 J184556.92-023803.0 281.4871769 -2.6341857 0.06       0.0674     -0.0139    2813003101351042660 2813m031_ac51-042660 2813m031_ac51 9.865      0.032      34.1       1.13       9.809      0.04       28.6       0.662      7.921      0.159      6.8        2.622      2.830      0.033      33.3       86.730     2486                           63                             
 J184617.95-023807.1 281.5748237 -2.6353317 0.07       0.0698     -0.0100    2813003101351045223 2813m031_ac51-045223 2813m031_ac51 11.713     0.067      16.2       4.08       10.055     0.04       26.7       2.832      6.647      0.115      9.5        0.867      7.833                 -80.4      111.600    1946                           64                             
 J184559.52-023838.0 281.4980253 -2.6438942 0.07       0.0729     -0.0141    2813003101351043162 2813m031_ac51-043162 2813m031_ac51 10.328     0.032      33.6       2.57       10.556     0.05       20.9       4.090      7.272      0.228      4.8        10.480     2.138      0.037      29.0       370.100    2410                           65                             
 J184556.19-023744.9 281.4841577 -2.6291465 0.07       0.0739     -0.0114    2813003101351042506 2813m031_ac51-042506 2813m031_ac51 10.202     0.040      26.8       11.02      9.787      0.04       28.0       12.050     6.550      0.051      21.4       6.948      2.423      0.032      33.6       44.260     3011                           66                             
 J184613.78-023859.7 281.5574412 -2.6499274 0.07       0.0740     -0.0146    2813003101351045330 2813m031_ac51-045330 2813m031_ac51 10.468     0.031      35.3       8.52       10.570     0.06       19.7       1.838      8.785                 -6.2       4.165      4.204      0.068      15.9       66.490     1236                           67                             
 J184604.57-023633.2 281.5190784 -2.6092434 0.07       0.0753     -0.0138    2813003101351045416 2813m031_ac51-045416 2813m031_ac51 10.844     0.031      35.1       5.54       10.896     0.05       20.1       4.582      7.982                 -3.4       0.932      7.014                 -5.3       25.410     3397                           68                             
 J184602.76-023733.8 281.5115176 -2.6260599 0.07       0.0758     -0.0145    2813003101351045134 2813m031_ac51-045134 2813m031_ac51 10.405     0.035      31.0       0.75       10.418     0.04       26.5       8.089      8.766                 -6.7       2.040      3.988      0.054      20.0       47.170     2793                           69                             
 J184619.06-023658.1 281.5794194 -2.6161628 0.07       0.0774     -0.0156    2813003101351044710 2813m031_ac51-044710 2813m031_ac51 10.102     0.034      32.1       3.79       10.120     0.04       25.9       2.857      7.629                 -5.7       0.774      4.842      0.127      8.5        550.400    2067                           70                             
 J184602.65-023854.1 281.5110433 -2.6483852 0.08       0.0782     -0.0360    2813003101351046225 2813m031_ac51-046225 2813m031_ac51 11.505     0.065      16.6       55.55      10.417     0.06       18.9       77.510     4.220      0.223      4.9        363.600    2.474                 -26.7      8609.000   396                            71                             
 J184617.26-023816.7 281.5719337 -2.6379788 0.08       0.0792     -0.0149    2813003101351044784 2813m031_ac51-044784 2813m031_ac51 10.125     0.033      32.6       0.96       10.245     0.06       19.3       1.034      8.103                 0.2        0.980      6.183                 -29.5      35.300     2036                           72                             
 J184554.00-023652.8 281.4750082 -2.6146699 0.08       0.0801     -0.0100    2813003101351043083 2813m031_ac51-043083 2813m031_ac51 11.221     0.053      20.6       4.41       10.794     0.04       31.3       4.123      7.689      0.074      14.7       6.515      3.243      0.038      28.6       36.290     2516                           73                             
 J184559.06-023809.3 281.4960850 -2.6359194 0.08       0.0808     -0.0191    2813003101351042608 2813m031_ac51-042608 2813m031_ac51 10.073     0.034      32.3       2.18       9.855      0.05       21.0       0.847      7.627      0.226      4.8        10.060     2.472      0.062      17.4       34.780     2767                           74                             
 J184556.28-023547.8 281.4845407 -2.5966385 0.08       0.0810     -0.0188    2813003101351042944 2813m031_ac51-042944 2813m031_ac51 10.500     0.034      31.7       30.10      10.443     0.05       22.4       10.850     9.827                 -2.8       0.494      8.110                 -11.5      7.170      2347                           75                             
 J184555.08-023555.8 281.4795331 -2.5988467 0.08       0.0811     -0.0172    2813003101351042874 2813m031_ac51-042874 2813m031_ac51 10.562     0.036      30.2       21.56      10.304     0.04       26.9       8.413      9.798                 -2.0       0.946      7.535                 -2.1       3.420      2888                           76                             
 J184555.69-023652.6 281.4820511 -2.6146346 0.08       0.0832     -0.0148    2813003101351043261 2813m031_ac51-043261 2813m031_ac51 10.840     0.041      26.2       2.45       10.730     0.06       19.1       2.728      7.860      0.097      11.2       3.720      7.783                 -52.1      443.800    2865                           77                             
 J184605.20-023609.3 281.5217076 -2.6025986 0.08       0.0840     -0.0081    2813003101351046306 2813m031_ac51-046306 2813m031_ac51 11.700     0.051      21.4       4.13       12.450     0.20       5.5        2.670      9.259                 -13.4      3.936      8.224                 -69.1      39.890     2424                           78                             
 J184556.63-023914.4 281.4859953 -2.6540091 0.08       0.0845     -0.0206    2813003101351043770 2813m031_ac51-043770 2813m031_ac51 10.593     0.035      31.0       72.76      10.682     0.06       19.1       39.420     8.276                 -0.2       0.914      2.977      0.073      14.9       23.460     1054                           79                             
 J184601.39-023604.5 281.5057940 -2.6012676 0.08       0.0859     -0.0186    2813003101351045139 2813m031_ac51-045139 2813m031_ac51 10.389     0.036      29.9       3.88       10.036     0.05       24.2       2.178      9.005                 -4.9       0.741      5.570                 1.1        1.961      3052                           80                             
 J184552.42-023826.4 281.4684363 -2.6406857 0.09       0.0871     -0.0154    2813003101351043249 2813m031_ac51-043249 2813m031_ac51 10.977     0.042      26.1       2.55       10.943     0.05       23.0       4.215      9.382                 -11.4      3.672      6.549                 -14.8      8.496      2434                           81                             
 J184558.60-023916.1 281.4941729 -2.6544975 0.09       0.0912     -0.0194    2813003101351043586 2813m031_ac51-043586 2813m031_ac51 11.260     0.048      22.8       18.19      10.577     0.05       20.1       10.500     5.461      0.048      22.6       23.240     1.813      0.042      25.8       161.000    810                            82                             
 J184558.41-023707.0 281.4933836 -2.6186303 0.09       0.0912     -0.0313    2813003101351041856 2813m031_ac51-041856 2813m031_ac51 4.269      0.269      4.0        0.08       1.777                 1.9        0.013      0.938      0.100      10.9       0.151      -0.032     0.012      89.7       1.297      3359                           83                             
 J184600.56-023903.4 281.5023405 -2.6509643 0.11       0.0921     -0.0367    2813003101351045491 2813m031_ac51-045491 2813m031_ac51 11.013     0.110      9.9        35.86      10.204     0.12       8.9        15.360     4.220      0.061      17.8       26.550     0.199      0.021      52.6       656.400    558                            84                             
 J184609.15-023849.2 281.5381420 -2.6470234 0.08       0.0933     -0.0066    2813003101351045969 2813m031_ac51-045969 2813m031_ac51 11.458     0.071      15.3       7.43       10.901     0.09       12.1       4.950      5.774      0.032      34.2       42.070     0.797      0.034      32.3       85.510     2240                           85                             
 J184618.99-023555.9 281.5791640 -2.5988847 0.09       0.0954     -0.0073    2813003101351045090 2813m031_ac51-045090 2813m031_ac51 11.079     0.070      15.4       2.16       10.705     0.08       14.2       1.510      8.429                 -3.0       0.757      8.694                 -64.0      896.200    2003                           86                             
 J184600.27-023909.0 281.5011308 -2.6525086 0.10       0.0962     -0.0456    2813003101351043578 2813m031_ac51-043578 2813m031_ac51 11.979     0.086      12.7       39.26      10.962     0.11       9.5        11.200     6.370      0.170      6.4        28.120     0.416      0.017      62.5       563.500    918                            87                             
 J184614.73-023900.9 281.5614083 -2.6502550 0.10       0.0983     -0.0238    2813003101351045049 2813m031_ac51-045049 2813m031_ac51 11.143     0.046      23.7       10.16      10.665     0.06       18.2       3.597      7.051      0.112      9.7        3.062      2.647      0.042      25.8       30.630     599                            88                             
 J184557.44-023919.7 281.4893623 -2.6554744 0.11       0.1077     -0.0313    2813003101351042970 2813m031_ac51-042970 2813m031_ac51 11.593     0.059      18.4       3.34       10.995     0.07       15.1       1.749      6.818      0.138      7.9        10.390     1.923      0.031      35.6       45.030     435                            89                             
 J184556.64-023621.3 281.4860265 -2.6059178 0.10       0.1083     -0.0225    2813003101351042902 2813m031_ac51-042902 2813m031_ac51 10.677     0.042      26.0       6.06       10.701     0.07       16.4       1.756      8.075                 1.8        0.268      5.937                 -0.9       16.640     2691                           90                             
 J184551.52-023922.8 281.4646684 -2.6563393 0.11       0.1118     -0.0163    2813003101351043387 2813m031_ac51-043387 2813m031_ac51 11.279     0.049      22.4       1.68       11.272     0.06       18.1       1.309      8.216      0.169      6.4        2.749      5.023      0.085      12.8       6.095      1059                           91                             
 J184611.98-023802.8 281.5499281 -2.6341244 0.11       0.1131     -0.0214    2813003101351045320 2813m031_ac51-045320 2813m031_ac51 10.871     0.052      20.8       1.53       10.956     0.09       12.2       1.197      7.676                 -2.1       0.145      8.003                 -40.5      34.530     2138                           92                             
 J184600.02-023902.0 281.5001166 -2.6505601 0.14       0.1135     -0.0644    2813003101351042730 2813m031_ac51-042730 2813m031_ac51 10.284     0.142      7.7        37.47      9.797      0.13       8.4        20.160     4.223      0.076      14.3       9.015      0.946      0.024      44.9       145.800    1185                           93                             
 J184600.52-023628.9 281.5021800 -2.6080533 0.11       0.1149     -0.0250    2813003101351043277 2813m031_ac51-043277 2813m031_ac51 11.405     0.064      17.0       4.13       10.106     0.04       26.0       15.500     8.510                 -4.1       0.450      4.765      0.130      8.3        20.410     3117                           94                             
 J184600.01-023802.8 281.5000492 -2.6341303 0.11       0.1150     -0.0272    2813003101351043108 2813m031_ac51-043108 2813m031_ac51 10.910     0.046      23.7       0.82       10.528     0.06       17.3       2.004      8.983                 -1.7       1.071      3.288      0.079      13.7       78.360     2306                           95                             
 J184608.52-023626.4 281.5355185 -2.6073373 0.11       0.1164     -0.0237    2813003101351045309 2813m031_ac51-045309 2813m031_ac51 12.463     0.134      8.1        0.90       10.448     0.04       28.5       1.759      8.546                 1.3        1.327      5.203      0.113      9.6        19.030     1294                           96                             
 J184603.51-023638.4 281.5146639 -2.6106859 0.11       0.1185     -0.0233    2813003101351046293 2813m031_ac51-046293 2813m031_ac51 11.774     0.062      17.4       3.29       10.378     0.05       23.2       4.158      8.339                 -1.7       1.813      4.504      0.055      19.6       32.330     2670                           97                             
 J184557.94-023843.8 281.4914384 -2.6455233 0.11       0.1186     -0.0286    2813003101351043264 2813m031_ac51-043264 2813m031_ac51 11.016     0.048      22.7       1.48       11.011     0.07       14.9       2.245      7.082                 0.9        0.431      3.135      0.058      18.8       75.540     2577                           98                             
 J184551.80-023816.8 281.4658501 -2.6380136 0.11       0.1195     -0.0159    2813003101351043955 2813m031_ac51-043955 2813m031_ac51 11.745     0.068      16.0       1.30       12.402     0.18       6.0        2.086      9.877                 -11.1      3.934      8.172                 -46.7      29.700     3259                           99                             
 J184551.68-023840.6 281.4653367 -2.6446208 0.11       0.1220     -0.0238    2813003101351044011 2813m031_ac51-044011 2813m031_ac51 11.714     0.051      21.1       1.67       11.432     0.08       13.0       1.372      9.077                 -6.8       1.248      7.503                 -28.4      19.880     2643                           100                            
 J184611.99-023848.5 281.5499586 -2.6468275 0.12       0.1223     -0.0264    2813003101351046209 2813m031_ac51-046209 2813m031_ac51 10.956     0.049      22.0       1.44       10.617     0.07       15.1       8.939      8.365                 -2.7       2.407      1.840      0.057      19.0       102.800    1461                           101                            
 J184613.44-023915.1 281.5560268 -2.6541962 0.12       0.1245     -0.0143    2813003101351044940 2813m031_ac51-044940 2813m031_ac51 11.684     0.081      13.4       3.18       9.805      0.04       25.7       4.473      8.221                 -8.4       2.685      4.526                 -4.6       2.019      430                            102                            
 J184616.21-023811.7 281.5675560 -2.6365898 0.11       0.1274     -0.0544    2813003101351044621 2813m031_ac51-044621 2813m031_ac51 10.697     0.044      24.8       0.87       10.610     0.07       15.7       0.921      8.326                 -1.6       0.933      5.272                 -7.0       7.934      1434                           103                            
 J184603.91-023631.2 281.5163201 -2.6086848 0.12       0.1286     -0.0091    2813003101351045379 2813m031_ac51-045379 2813m031_ac51 12.003     0.065      16.7       2.41       10.788     0.05       20.0       1.450      6.527      0.130      8.4        0.351      4.474      0.068      16.0       22.760     2474                           104                            
 J184554.56-023837.9 281.4773459 -2.6438770 0.12       0.1298     -0.0318    2813003101351043606 2813m031_ac51-043606 2813m031_ac51 11.486     0.059      18.5       3.86       11.689     0.07       15.4       6.082      9.740                 -15.7      13.620     7.956      0.428      2.5        207.200    3213                           105                            
 J184608.82-023734.5 281.5367687 -2.6262736 0.12       0.1306     -0.0297    2813003101351045746 2813m031_ac51-045746 2813m031_ac51 11.517     0.077      14.1       7.44       11.166     0.08       14.5       4.063      6.918      0.144      7.6        2.003      2.178      0.032      34.4       50.920     1466                           106                            
 J184558.39-023817.3 281.4933282 -2.6381576 0.12       0.1306     -0.0268    2813003101351042822 2813m031_ac51-042822 2813m031_ac51 10.548     0.052      21.0       2.65       10.318     0.07       15.2       0.714      7.724      0.373      2.9        3.423      2.731      0.104      10.4       10.260     2460                           107                            
 J184553.18-023646.5 281.4716227 -2.6129365 0.13       0.1326     -0.0233    2813003101351043239 2813m031_ac51-043239 2813m031_ac51 11.931     0.123      8.8        0.96       11.664     0.04       24.5       2.663      8.639      0.176      6.2        1.920      3.444      0.049      22.3       50.990     2680                           108                            
 J184609.23-023910.9 281.5384825 -2.6530543 0.12       0.1330     -0.0201    2813003101351045519 2813m031_ac51-045519 2813m031_ac51 12.421     0.097      11.2       2.62       12.175     0.14       8.1        2.160      5.732      0.048      22.7       58.750     1.201      0.041      26.4       99.120     1192                           109                            
 J184615.04-023852.9 281.5626948 -2.6480290 0.13       0.1339     0.0231     2813003101351044860 2813m031_ac51-044860 2813m031_ac51 11.278     0.057      19.0       10.02      11.080     0.09       12.5       4.550      6.909      0.107      10.2       1.821      2.809      0.073      14.8       7.433      719                            110                            
 J184612.44-023632.9 281.5518476 -2.6091544 0.12       0.1341     -0.0325    2813003101351045938 2813m031_ac51-045938 2813m031_ac51 11.432     0.071      15.3       1.23       11.376     0.09       11.8       1.736      8.916                 -7.2       1.762      3.921      0.035      30.8       132.900    1469                           111                            
 J184618.17-023824.7 281.5757414 -2.6402169 0.13       0.1350     -0.0283    2813003101351045881 2813m031_ac51-045881 2813m031_ac51 11.441     0.053      20.6       0.98       11.575     0.14       7.6        0.739      7.394                 -1.1       0.065      6.614                 -27.3      63.040     1538                           112                            
 J184558.88-023708.6 281.4953394 -2.6190778 0.14       0.1374     -0.0709    2813003101351043376 2813m031_ac51-043376 2813m031_ac51 7.751      0.106      10.2       39.11      5.789      0.18       6.2        21.360     3.831      0.080      13.6       12.470     0.954      0.036      30.4       110.100    3187                           113                            
 J184551.73-023640.0 281.4655829 -2.6111178 0.14       0.1469     -0.0378    2813003101351043255 2813m031_ac51-043255 2813m031_ac51 10.994     0.061      17.9       1.59       11.069     0.12       8.8        1.063      9.236                 0.7        0.570      3.610      0.044      24.6       28.190     3224                           114                            
 J184555.38-023809.2 281.4807692 -2.6359001 0.14       0.1479     -0.0411    2813003101351043279 2813m031_ac51-043279 2813m031_ac51 11.062     0.054      20.2       0.87       10.970     0.10       10.7       0.883      9.565                 -3.3       5.633      6.684      0.313      3.5        66.790     2512                           115                            
 J184610.02-023746.4 281.5417801 -2.6295570 0.14       0.1540     -0.0315    2813003101351046482 2813m031_ac51-046482 2813m031_ac51 11.680     0.071      15.2       4.92       11.513     0.13       8.3        0.988      6.585      0.111      9.8        2.645      1.968      0.044      24.9       44.590     1458                           116                            
 J184602.54-023549.5 281.5105852 -2.5971097 0.15       0.1569     -0.0483    2813003101351046287 2813m031_ac51-046287 2813m031_ac51 11.202     0.055      19.8       4.21       11.215     0.10       11.3       1.906      8.841                 0.3        0.753      5.640                 -0.2       3.916      2547                           117                            
 J184603.54-023753.9 281.5147503 -2.6316626 0.14       0.1577     -0.0571    2813003101351045368 2813m031_ac51-045368 2813m031_ac51 11.606     0.072      15.1       3.40       11.982     0.22       4.9        2.750      6.354      0.144      7.5        2.742      2.838      0.037      29.4       98.790     3252                           118                            
 J184554.81-023800.7 281.4783997 -2.6335514 0.16       0.1676     -0.0190    2813003101351043944 2813m031_ac51-043944 2813m031_ac51 11.825     0.089      12.3       1.00       12.042     0.10       11.4       1.662      8.693      0.133      8.1        12.150     5.091      0.046      23.7       97.850     2289                           119                            
 J184555.09-023709.3 281.4795536 -2.6192737 0.15       0.1713     -0.0267    2813003101351042926 2813m031_ac51-042926 2813m031_ac51 12.751                -2.6       1.83       12.251                -2.3       1.463      6.924      0.124      8.7        5.119      3.401      0.031      35.1       133.400    3401                           120                            
 J184555.82-023734.9 281.4826096 -2.6263738 0.15       0.1723     0.0413     2813003101351043065 2813m031_ac51-043065 2813m031_ac51 7.705      0.266      4.1        1.36       7.756      0.20       5.4        2.064      4.602      0.120      9.0        6.129      2.178      0.036      30.5       94.510     2532                           121                            
 J184556.04-023821.7 281.4835415 -2.6393665 0.16       0.1731     -0.0397    2813003101351043740 2813m031_ac51-043740 2813m031_ac51 11.748     0.078      14.0       3.66       11.633     0.09       11.8       6.652      9.634                 -12.6      12.110     5.495      0.231      4.7        24.890     3081                           122                            
 J184552.13-023741.0 281.4672465 -2.6280764 0.18       0.1858     -0.0165    2813003101351043644 2813m031_ac51-043644 2813m031_ac51 12.041     0.085      12.8       0.94       12.595     0.44       2.4        0.360      9.868                 -3.2       0.429      8.461                 -21.1      29.500     2951                           123                            
 J184611.76-023823.5 281.5490411 -2.6398622 0.19       0.2004     -0.0442    2813003101351046130 2813m031_ac51-046130 2813m031_ac51 11.553     0.075      14.5       2.09       11.434     0.11       9.9        2.270      8.055                 -3.2       1.381      5.643      0.160      6.8        50.710     1408                           124                            
 J184600.96-023618.4 281.5040263 -2.6051319 0.20       0.2159     -0.0473    2813003101351046092 2813m031_ac51-046092 2813m031_ac51 11.762     0.091      11.9       3.01       11.124     0.10       11.0       6.579      9.100                 -4.2       0.477      4.720      0.101      10.7       7.240      3463                           125                            
 J184611.67-023859.8 281.5486655 -2.6499627 0.20       0.2198     -0.0403    2813003101351045268 2813m031_ac51-045268 2813m031_ac51 11.623     0.077      14.0       1.31       12.136     0.27       4.1        1.152      8.375                 -0.1       3.973      1.785      0.080      13.5       67.580     776                            126                            
 J184607.20-023935.7 281.5300336 -2.6599223 0.22       0.2308     -0.0386    2813003101351045716 2813m031_ac51-045716 2813m031_ac51 11.884     0.092      11.9       5.96       13.410                -2.4       10.160     6.372      0.122      8.9        20.430     3.324                 -6.9       860.200    489                            127                            
 J184619.18-023939.7 281.5799433 -2.6610486 0.31       0.3452     -0.0327    2813003101351045217 2813m031_ac51-045217 2813m031_ac51 12.758     0.289      3.8        0.69       12.082     0.31       3.5        0.311      6.340      0.135      8.1        1.942      2.605      0.075      14.4       8.009      775                            128                            
